          10

   2.5546727072398382E-010   4.8592762504436590E-010   6.6882199776856066E-010   7.8624741339429862E-010   8.2670945408915367E-010   7.8624741339429862E-010   6.6882199776856066E-010   4.8592762504436611E-010   2.5546727072398392E-010   4.8592762504436590E-010   9.2428926849254458E-010   1.2721750384386648E-009   1.4955314518577146E-009   1.5724948267885976E-009   1.4955314518577146E-009   1.2721750384386648E-009   9.2428926849254489E-010   4.8592762504436611E-010   6.6882199776856066E-010   1.2721750384386648E-009   1.7509987225816985E-009   2.0584224518329635E-009   2.1643534496262754E-009   2.0584224518329635E-009   1.7509987225816985E-009   1.2721750384386650E-009   6.6882199776856086E-010   7.8624741339429862E-010   1.4955314518577146E-009   2.0584224518329635E-009   2.4198207203502588E-009   2.5443500768773292E-009   2.4198207203502588E-009   2.0584224518329635E-009   1.4955314518577148E-009   7.8624741339429893E-010   8.2670945408915367E-010   1.5724948267885976E-009   2.1643534496262754E-009   2.5443500768773292E-009   2.6752879910742430E-009   2.5443500768773292E-009   2.1643534496262754E-009   1.5724948267885979E-009   8.2670945408915398E-010   7.8624741339429862E-010   1.4955314518577146E-009   2.0584224518329635E-009   2.4198207203502588E-009   2.5443500768773292E-009   2.4198207203502588E-009   2.0584224518329635E-009   1.4955314518577148E-009   7.8624741339429893E-010   6.6882199776856066E-010   1.2721750384386648E-009   1.7509987225816985E-009   2.0584224518329635E-009   2.1643534496262754E-009   2.0584224518329635E-009   1.7509987225816985E-009   1.2721750384386650E-009   6.6882199776856086E-010   4.8592762504436611E-010   9.2428926849254489E-010   1.2721750384386650E-009   1.4955314518577148E-009   1.5724948267885979E-009   1.4955314518577148E-009   1.2721750384386650E-009   9.2428926849254510E-010   4.8592762504436621E-010   2.5546727072398392E-010   4.8592762504436611E-010   6.6882199776856086E-010   7.8624741339429893E-010   8.2670945408915398E-010   7.8624741339429893E-010   6.6882199776856086E-010   4.8592762504436621E-010   2.5546727072398403E-010
