          30

   1.0926199633097178E-002   2.1732689536559876E-002   3.2301071545602363E-002   4.2515556255357453E-002   5.2264231633826722E-002   6.1440289153522197E-002   6.9943194008044593E-002   7.7679786592460526E-002   8.4565303179429105E-002   9.0524304608336437E-002   9.5491502812526274E-002   9.9412476129020419E-002  0.10224426555364696       0.10395584540887964       0.10452846326765346       0.10395584540887966       0.10224426555364696        9.9412476129020433E-002   9.5491502812526288E-002   9.0524304608336451E-002   8.4565303179429105E-002   7.7679786592460567E-002   6.9943194008044607E-002   6.1440289153522211E-002   5.2264231633826722E-002   4.2515556255357440E-002   3.2301071545602376E-002   2.1732689536559876E-002   1.0926199633097208E-002   2.1732689536559876E-002   4.3227271178699546E-002   6.4248245791917333E-002   8.4565303179429091E-002  0.10395584540887964       0.12220742564187133       0.13912007574598276       0.15450849718747367       0.16820409120079699       0.18005680599195537       0.18993678073735687       0.19773576836617324       0.20336832153790010       0.20677272882130041       0.20791169081775931       0.20677272882130043       0.20336832153790010       0.19773576836617326       0.18993678073735690       0.18005680599195539       0.16820409120079699       0.15450849718747375       0.13912007574598279       0.12220742564187136       0.10395584540887964        8.4565303179429063E-002   6.4248245791917361E-002   4.3227271178699546E-002   2.1732689536559935E-002   3.2301071545602363E-002   6.4248245791917333E-002   9.5491502812526274E-002  0.12568853494543952       0.15450849718747367       0.18163563200134020       0.20677272882130043       0.22964438035431917       0.24999999999999997       0.26761656732981742       0.28230107154560236       0.29389262614623651       0.30226423163382671       0.30732416694677972       0.30901699437494740       0.30732416694677978       0.30226423163382671       0.29389262614623657       0.28230107154560236       0.26761656732981742       0.24999999999999997       0.22964438035431928       0.20677272882130046       0.18163563200134025       0.15450849718747367       0.12568853494543950        9.5491502812526302E-002   6.4248245791917333E-002   3.2301071545602453E-002   4.2515556255357453E-002   8.4565303179429091E-002  0.12568853494543952       0.16543469682057085       0.20336832153790005       0.23907380036690279       0.27215993660967663       0.30226423163382665       0.32905685648333960       0.35224426555364691       0.37157241273869707       0.38682953481325577       0.39784847155511621       0.40450849718747361       0.40673664307580015       0.40450849718747367       0.39784847155511621       0.38682953481325583       0.37157241273869712       0.35224426555364696       0.32905685648333960       0.30226423163382676       0.27215993660967669       0.23907380036690284       0.20336832153790005       0.16543469682057080       0.12568853494543958        8.4565303179429091E-002   4.2515556255357564E-002   5.2264231633826722E-002  0.10395584540887964       0.15450849718747367       0.20336832153790005       0.24999999999999994       0.29389262614623651       0.33456530317942906       0.37157241273869701       0.40450849718747367       0.43301270189221924       0.45677272882130038       0.47552825814757671       0.48907380036690279       0.49726094768413659       0.49999999999999994       0.49726094768413664       0.48907380036690279       0.47552825814757677       0.45677272882130043       0.43301270189221930       0.40450849718747367       0.37157241273869718       0.33456530317942912       0.29389262614623657       0.24999999999999994       0.20336832153789999       0.15450849718747373       0.10395584540887964        5.2264231633826860E-002   6.1440289153522197E-002  0.12220742564187133       0.18163563200134020       0.23907380036690279       0.29389262614623651       0.34549150281252627       0.39330510227525700       0.43680956873307603       0.47552825814757682       0.50903696045512714       0.53696854730109900       0.55901699437494745       0.57494073427659731       0.58456530317942912       0.58778525229247314       0.58456530317942912       0.57494073427659731       0.55901699437494745       0.53696854730109900       0.50903696045512725       0.47552825814757682       0.43680956873307625       0.39330510227525706       0.34549150281252639       0.29389262614623651       0.23907380036690273       0.18163563200134028       0.12220742564187133        6.1440289153522364E-002   6.9943194008044593E-002  0.13912007574598276       0.20677272882130043       0.27215993660967663       0.33456530317942906       0.39330510227525700       0.44773576836617329       0.49726094768413664       0.54133803200072961       0.57948410355645641       0.61128122600877421       0.63638102343011937       0.65450849718747373       0.66546503888493369       0.66913060635885824       0.66546503888493380       0.65450849718747373       0.63638102343011949       0.61128122600877421       0.57948410355645652       0.54133803200072961       0.49726094768413687       0.44773576836617335       0.39330510227525711       0.33456530317942906       0.27215993660967658       0.20677272882130052       0.13912007574598276        6.9943194008044787E-002   7.7679786592460526E-002  0.15450849718747367       0.22964438035431917       0.30226423163382665       0.37157241273869701       0.43680956873307603       0.49726094768413664       0.55226423163382654       0.60121679309301623       0.64358229755437646       0.67889657968547679       0.70677272882130027       0.72690532803845587       0.73907380036690273       0.74314482547739413       0.73907380036690273       0.72690532803845587       0.70677272882130038       0.67889657968547690       0.64358229755437646       0.60121679309301623       0.55226423163382687       0.49726094768413670       0.43680956873307614       0.37157241273869701       0.30226423163382660       0.22964438035431925       0.15450849718747367        7.7679786592460734E-002   8.4565303179429105E-002  0.16820409120079699       0.24999999999999997       0.32905685648333960       0.40450849718747367       0.47552825814757682       0.54133803200072961       0.60121679309301623       0.65450849718747373       0.70062926922203672       0.73907380036690284       0.76942088429381339       0.79133803200072961       0.80458511463091642       0.80901699437494745       0.80458511463091653       0.79133803200072961       0.76942088429381339       0.73907380036690296       0.70062926922203683       0.65450849718747373       0.60121679309301657       0.54133803200072972       0.47552825814757688       0.40450849718747367       0.32905685648333954       0.25000000000000006       0.16820409120079699        8.4565303179429327E-002   9.0524304608336437E-002  0.18005680599195537       0.26761656732981742       0.35224426555364691       0.43301270189221924       0.50903696045512714       0.57948410355645641       0.64358229755437646       0.70062926922203672       0.74999999999999989       0.79115357383037321       0.82363910354633185       0.84710067088627394       0.86128122600877410       0.86602540378443860       0.86128122600877421       0.84710067088627394       0.82363910354633196       0.79115357383037321       0.75000000000000000       0.70062926922203672       0.64358229755437668       0.57948410355645652       0.50903696045512725       0.43301270189221924       0.35224426555364680       0.26761656732981748       0.18005680599195537        9.0524304608336686E-002   9.5491502812526274E-002  0.18993678073735687       0.28230107154560236       0.37157241273869707       0.45677272882130038       0.53696854730109900       0.61128122600877421       0.67889657968547679       0.73907380036690284       0.79115357383037321       0.83456530317942901       0.86883336042283377       0.89358229755437657       0.90854096003979601       0.91354545764260087       0.90854096003979612       0.89358229755437657       0.86883336042283388       0.83456530317942912       0.79115357383037321       0.73907380036690284       0.67889657968547712       0.61128122600877421       0.53696854730109911       0.45677272882130038       0.37157241273869696       0.28230107154560241       0.18993678073735687        9.5491502812526524E-002   9.9412476129020419E-002  0.19773576836617324       0.29389262614623651       0.38682953481325577       0.47552825814757671       0.55901699437494745       0.63638102343011937       0.70677272882130027       0.76942088429381339       0.82363910354633185       0.86883336042283377       0.90450849718747361       0.93027364957635605       0.94584652918820322       0.95105651629515353       0.94584652918820333       0.93027364957635605       0.90450849718747373       0.86883336042283388       0.82363910354633196       0.76942088429381339       0.70677272882130060       0.63638102343011949       0.55901699437494756       0.47552825814757671       0.38682953481325566       0.29389262614623662       0.19773576836617324        9.9412476129020683E-002  0.10224426555364696       0.20336832153790010       0.30226423163382671       0.39784847155511621       0.48907380036690279       0.57494073427659731       0.65450849718747373       0.72690532803845587       0.79133803200072961       0.84710067088627394       0.89358229755437657       0.93027364957635605       0.95677272882130060       0.97278920583171347       0.97814760073380569       0.97278920583171358       0.95677272882130060       0.93027364957635605       0.89358229755437668       0.84710067088627405       0.79133803200072961       0.72690532803845620       0.65450849718747384       0.57494073427659742       0.48907380036690279       0.39784847155511610       0.30226423163382682       0.20336832153790010       0.10224426555364724       0.10395584540887964       0.20677272882130041       0.30732416694677972       0.40450849718747361       0.49726094768413659       0.58456530317942912       0.66546503888493369       0.73907380036690273       0.80458511463091642       0.86128122600877410       0.90854096003979601       0.94584652918820322       0.97278920583171347       0.98907380036690273       0.99452189536827329       0.98907380036690284       0.97278920583171347       0.94584652918820333       0.90854096003979612       0.86128122600877421       0.80458511463091642       0.73907380036690307       0.66546503888493380       0.58456530317942923       0.49726094768413659       0.40450849718747350       0.30732416694677983       0.20677272882130041       0.10395584540887992       0.10452846326765346       0.20791169081775931       0.30901699437494740       0.40673664307580015       0.49999999999999994       0.58778525229247314       0.66913060635885824       0.74314482547739413       0.80901699437494745       0.86602540378443860       0.91354545764260087       0.95105651629515353       0.97814760073380569       0.99452189536827329        1.0000000000000000       0.99452189536827340       0.97814760073380569       0.95105651629515364       0.91354545764260098       0.86602540378443871       0.80901699437494745       0.74314482547739447       0.66913060635885835       0.58778525229247325       0.49999999999999994       0.40673664307580004       0.30901699437494751       0.20791169081775931       0.10452846326765373       0.10395584540887966       0.20677272882130043       0.30732416694677978       0.40450849718747367       0.49726094768413664       0.58456530317942912       0.66546503888493380       0.73907380036690273       0.80458511463091653       0.86128122600877421       0.90854096003979612       0.94584652918820333       0.97278920583171358       0.98907380036690284       0.99452189536827340       0.98907380036690296       0.97278920583171358       0.94584652918820344       0.90854096003979623       0.86128122600877433       0.80458511463091653       0.73907380036690307       0.66546503888493391       0.58456530317942923       0.49726094768413664       0.40450849718747356       0.30732416694677989       0.20677272882130043       0.10395584540887993       0.10224426555364696       0.20336832153790010       0.30226423163382671       0.39784847155511621       0.48907380036690279       0.57494073427659731       0.65450849718747373       0.72690532803845587       0.79133803200072961       0.84710067088627394       0.89358229755437657       0.93027364957635605       0.95677272882130060       0.97278920583171347       0.97814760073380569       0.97278920583171358       0.95677272882130060       0.93027364957635605       0.89358229755437668       0.84710067088627405       0.79133803200072961       0.72690532803845620       0.65450849718747384       0.57494073427659742       0.48907380036690279       0.39784847155511610       0.30226423163382682       0.20336832153790010       0.10224426555364724        9.9412476129020433E-002  0.19773576836617326       0.29389262614623657       0.38682953481325583       0.47552825814757677       0.55901699437494745       0.63638102343011949       0.70677272882130038       0.76942088429381339       0.82363910354633196       0.86883336042283388       0.90450849718747373       0.93027364957635605       0.94584652918820333       0.95105651629515364       0.94584652918820344       0.93027364957635605       0.90450849718747384       0.86883336042283388       0.82363910354633207       0.76942088429381339       0.70677272882130071       0.63638102343011960       0.55901699437494756       0.47552825814757677       0.38682953481325572       0.29389262614623668       0.19773576836617326        9.9412476129020697E-002   9.5491502812526288E-002  0.18993678073735690       0.28230107154560236       0.37157241273869712       0.45677272882130043       0.53696854730109900       0.61128122600877421       0.67889657968547690       0.73907380036690296       0.79115357383037321       0.83456530317942912       0.86883336042283388       0.89358229755437668       0.90854096003979612       0.91354545764260098       0.90854096003979623       0.89358229755437668       0.86883336042283388       0.83456530317942923       0.79115357383037332       0.73907380036690296       0.67889657968547712       0.61128122600877433       0.53696854730109911       0.45677272882130043       0.37157241273869701       0.28230107154560247       0.18993678073735690        9.5491502812526538E-002   9.0524304608336451E-002  0.18005680599195539       0.26761656732981742       0.35224426555364696       0.43301270189221930       0.50903696045512725       0.57948410355645652       0.64358229755437646       0.70062926922203683       0.75000000000000000       0.79115357383037321       0.82363910354633196       0.84710067088627405       0.86128122600877421       0.86602540378443871       0.86128122600877433       0.84710067088627405       0.82363910354633207       0.79115357383037332       0.75000000000000011       0.70062926922203683       0.64358229755437679       0.57948410355645663       0.50903696045512736       0.43301270189221930       0.35224426555364685       0.26761656732981753       0.18005680599195539        9.0524304608336700E-002   8.4565303179429105E-002  0.16820409120079699       0.24999999999999997       0.32905685648333960       0.40450849718747367       0.47552825814757682       0.54133803200072961       0.60121679309301623       0.65450849718747373       0.70062926922203672       0.73907380036690284       0.76942088429381339       0.79133803200072961       0.80458511463091642       0.80901699437494745       0.80458511463091653       0.79133803200072961       0.76942088429381339       0.73907380036690296       0.70062926922203683       0.65450849718747373       0.60121679309301657       0.54133803200072972       0.47552825814757688       0.40450849718747367       0.32905685648333954       0.25000000000000006       0.16820409120079699        8.4565303179429327E-002   7.7679786592460567E-002  0.15450849718747375       0.22964438035431928       0.30226423163382676       0.37157241273869718       0.43680956873307625       0.49726094768413687       0.55226423163382687       0.60121679309301657       0.64358229755437668       0.67889657968547712       0.70677272882130060       0.72690532803845620       0.73907380036690307       0.74314482547739447       0.73907380036690307       0.72690532803845620       0.70677272882130071       0.67889657968547712       0.64358229755437679       0.60121679309301657       0.55226423163382710       0.49726094768413692       0.43680956873307630       0.37157241273869718       0.30226423163382671       0.22964438035431936       0.15450849718747375        7.7679786592460776E-002   6.9943194008044607E-002  0.13912007574598279       0.20677272882130046       0.27215993660967669       0.33456530317942912       0.39330510227525706       0.44773576836617335       0.49726094768413670       0.54133803200072972       0.57948410355645652       0.61128122600877421       0.63638102343011949       0.65450849718747384       0.66546503888493380       0.66913060635885835       0.66546503888493391       0.65450849718747384       0.63638102343011960       0.61128122600877433       0.57948410355645663       0.54133803200072972       0.49726094768413692       0.44773576836617346       0.39330510227525717       0.33456530317942912       0.27215993660967663       0.20677272882130054       0.13912007574598279        6.9943194008044801E-002   6.1440289153522211E-002  0.12220742564187136       0.18163563200134025       0.23907380036690284       0.29389262614623657       0.34549150281252639       0.39330510227525711       0.43680956873307614       0.47552825814757688       0.50903696045512725       0.53696854730109911       0.55901699437494756       0.57494073427659742       0.58456530317942923       0.58778525229247325       0.58456530317942923       0.57494073427659742       0.55901699437494756       0.53696854730109911       0.50903696045512736       0.47552825814757688       0.43680956873307630       0.39330510227525717       0.34549150281252644       0.29389262614623657       0.23907380036690276       0.18163563200134031       0.12220742564187136        6.1440289153522371E-002   5.2264231633826722E-002  0.10395584540887964       0.15450849718747367       0.20336832153790005       0.24999999999999994       0.29389262614623651       0.33456530317942906       0.37157241273869701       0.40450849718747367       0.43301270189221924       0.45677272882130038       0.47552825814757671       0.48907380036690279       0.49726094768413659       0.49999999999999994       0.49726094768413664       0.48907380036690279       0.47552825814757677       0.45677272882130043       0.43301270189221930       0.40450849718747367       0.37157241273869718       0.33456530317942912       0.29389262614623657       0.24999999999999994       0.20336832153789999       0.15450849718747373       0.10395584540887964        5.2264231633826860E-002   4.2515556255357440E-002   8.4565303179429063E-002  0.12568853494543950       0.16543469682057080       0.20336832153789999       0.23907380036690273       0.27215993660967658       0.30226423163382660       0.32905685648333954       0.35224426555364680       0.37157241273869696       0.38682953481325566       0.39784847155511610       0.40450849718747350       0.40673664307580004       0.40450849718747356       0.39784847155511610       0.38682953481325572       0.37157241273869701       0.35224426555364685       0.32905685648333954       0.30226423163382671       0.27215993660967663       0.23907380036690276       0.20336832153789999       0.16543469682057077       0.12568853494543952        8.4565303179429063E-002   4.2515556255357551E-002   3.2301071545602376E-002   6.4248245791917361E-002   9.5491502812526302E-002  0.12568853494543958       0.15450849718747373       0.18163563200134028       0.20677272882130052       0.22964438035431925       0.25000000000000006       0.26761656732981748       0.28230107154560241       0.29389262614623662       0.30226423163382682       0.30732416694677983       0.30901699437494751       0.30732416694677989       0.30226423163382682       0.29389262614623668       0.28230107154560247       0.26761656732981753       0.25000000000000006       0.22964438035431936       0.20677272882130054       0.18163563200134031       0.15450849718747373       0.12568853494543952        9.5491502812526344E-002   6.4248245791917361E-002   3.2301071545602460E-002   2.1732689536559876E-002   4.3227271178699546E-002   6.4248245791917333E-002   8.4565303179429091E-002  0.10395584540887964       0.12220742564187133       0.13912007574598276       0.15450849718747367       0.16820409120079699       0.18005680599195537       0.18993678073735687       0.19773576836617324       0.20336832153790010       0.20677272882130041       0.20791169081775931       0.20677272882130043       0.20336832153790010       0.19773576836617326       0.18993678073735690       0.18005680599195539       0.16820409120079699       0.15450849718747375       0.13912007574598279       0.12220742564187136       0.10395584540887964        8.4565303179429063E-002   6.4248245791917361E-002   4.3227271178699546E-002   2.1732689536559935E-002   1.0926199633097208E-002   2.1732689536559935E-002   3.2301071545602453E-002   4.2515556255357564E-002   5.2264231633826860E-002   6.1440289153522364E-002   6.9943194008044787E-002   7.7679786592460734E-002   8.4565303179429327E-002   9.0524304608336686E-002   9.5491502812526524E-002   9.9412476129020683E-002  0.10224426555364724       0.10395584540887992       0.10452846326765373       0.10395584540887993       0.10224426555364724        9.9412476129020697E-002   9.5491502812526538E-002   9.0524304608336700E-002   8.4565303179429327E-002   7.7679786592460776E-002   6.9943194008044801E-002   6.1440289153522371E-002   5.2264231633826860E-002   4.2515556255357551E-002   3.2301071545602460E-002   2.1732689536559935E-002   1.0926199633097235E-002
